Model type: TsinalisCNN
Accuracy: 0.6931382275132275
Precision: 0.6073054910876823
Recall: 0.6931382275132275
F1-score: 0.6081408130301277
