Model type: SimpleRNN
Accuracy: 0.7553736772486772
Precision: 0.8381650035708663
Recall: 0.7553736772486772
F1-score: 0.7827885897772404
