Model type: RCNN
Accuracy: 0.6891865079365079
Precision: 0.4749780427217183
Recall: 0.6891865079365079
F1-score: 0.5623748952410783
