Model type: SimpleCNN
Accuracy: 0.77255291005291
Precision: 0.7318897063978052
Recall: 0.77255291005291
F1-score: 0.731206503584319
