Model type: SimpleCNN
Accuracy: 0.8513138324243926
Precision: 0.8625658455738489
Recall: 0.8513138324243926
F1-score: 0.8531310052185074
