Model type: SimpleCNN
Accuracy: 0.8333333333333334
Precision: 0.8657731967510746
Recall: 0.8333333333333334
F1-score: 0.8446542287150376
