Model type: RCNN
Accuracy: 0.7769345238095238
Precision: 0.8468279623953812
Recall: 0.7769345238095238
F1-score: 0.7997191804421222
