Model type: RCNN
Accuracy: 0.6647727272727273
Precision: 0.4419227789256199
Recall: 0.6647727272727273
F1-score: 0.5309106422587652
