Model type: RCNN
Accuracy: 0.6389219576719577
Precision: 0.6765825573670136
Recall: 0.6389219576719577
F1-score: 0.6482978074382926
