Model type: RCNN
Accuracy: 0.7594080687830688
Precision: 0.8453242666693086
Recall: 0.7594080687830688
F1-score: 0.7890765591608215
