Model type: SimpleRNN
Accuracy: 0.6326058201058201
Precision: 0.74046880338556
Recall: 0.6326058201058201
F1-score: 0.6721872082062449
