Model type: SimpleRNN
Accuracy: 0.7774801587301587
Precision: 0.8289221751799282
Recall: 0.7774801587301587
F1-score: 0.7948855110137518
